19104 64426
19148 18363
19126 1204
19103 107608
19147 67191
19125 2521
19106 48401
19128 2809
19127 11596
19149 4726
19144 12360
19122 2931
19143 5900
19121 10598
19146 31625
19102 32628
19124 11605
19123 26248
19145 13943
19140 17558
19142 5558
19120 10931
19141 14927
19108 36
19107 93142
19129 3551
19109 356
19136 2220
19114 67
19139 17393
19138 694
19133 3801
19111 2531
19132 6435
19110 761
19135 3021
19134 6917
19151 1511
19150 717
19131 2297
19153 399
19130 41642
19152 1215
19119 1647
19118 3108
